#	sin 	1	1023
-10.605974871181372	5921.0
-10.605337935557769	6031.0
-10.60427640282987	6052.0
-10.602790312963782	6052.0
-10.600879721909953	5931.0
-10.59854470160105	5973.0
-10.59578533994927	6115.0
-10.59260174084302	5995.0
-10.588994024143007	5909.0
-10.584962325677727	6153.0
-10.580506797238348	5971.0
-10.575627606572995	5910.0
-10.570324937380443	5984.0
-10.564598989303185	5960.0
-10.558449977919933	5959.0
-10.55187813473749	5873.0
-10.544883707182038	5993.0
-10.53746695858982	5936.0
-10.529628168197226	5912.0
-10.521367631130289	6033.0
-10.512685658393558	6087.0
-10.503582576858399	5969.0
-10.494058729250687	6069.0
-10.484114474137902	5868.0
-10.473750185915629	5867.0
-10.462966254793459	6109.0
-10.451763086780309	5986.0
-10.440141103669117	5813.0
-10.42810074302098	6156.0
-10.415642458148673	5923.0
-10.40276671809958	6055.0
-10.389474007638034	5931.0
-10.375764827227071	5856.0
-10.361639693009588	5991.0
-10.3470991367889	5957.0
-10.332143706008736	6058.0
-10.316773963732608	6066.0
-10.300990488622626	6090.0
-10.28479387491771	6118.0
-10.268184732411209	5964.0
-10.25116368642795	5996.0
-10.233731377800696	5969.0
-10.215888462846014	5980.0
-10.197635613339566	6068.0
-10.178973516490819	5974.0
-10.159902874917174	6031.0
-10.140424406617504	6038.0
-10.120538844945136	6086.0
-10.10024693858022	5877.0
-10.07954945150157	6006.0
-10.058447162957874	5961.0
-10.036940867438362	5954.0
-10.015031374642914	6062.0
-9.992719509451545	5928.0
-9.97000611189337	6021.0
-9.946892037114969	5950.0
-9.923378155348194	5893.0
-9.899465351877408	5975.0
-9.875154527006137	5960.0
-9.850446596023202	6087.0
-9.82534248916824	5811.0
-9.799843151596681	5978.0
-9.773949543344177	5934.0
-9.747662639290441	6089.0
-9.720983429122557	6111.0
-9.693912917297704	5990.0
-9.666452123005353	6044.0
-9.638602080128889	5956.0
-9.610363837206686	5957.0
-9.581738457392628	6040.0
-9.552727018416087	5946.0
-9.523330612541345	6017.0
-9.493550346526465	5870.0
-9.463387341581631	6022.0
-9.432842733326932	6050.0
-9.401917671749606	6074.0
-9.370613321160741	6019.0
-9.338930860151441	5956.0
-9.306871481548459	5871.0
-9.274436392369282	6006.0
-9.241626813776678	5826.0
-9.208443981032744	5968.0
-9.174889143452374	6052.0
-9.14096356435624	5942.0
-9.106668521023215	5899.0
-9.072005304642303	5908.0
-9.036975220264006	6027.0
-9.001579586751204	5987.0
-8.965819736729488	5971.0
-8.929697016537006	6029.0
-8.893212786173754	6004.0
-8.85636841925038	6082.0
-8.819165302936481	5907.0
-8.781604837908356	5952.0
-8.743688438296285	6039.0
-8.705417531631278	5985.0
-8.66679355879135	5996.0
-8.627817973947238	5977.0
-8.58849224450769	5979.0
-8.548817851064184	6155.0
-8.508796287335215	6032.0
-8.468429060110038	6055.0
-8.427717689191939	5998.0
-8.386663707341027	5939.0
-8.345268660216512	6089.0
-8.303534106318521	5993.0
-8.261461616929418	5993.0
-8.219052776054655	5936.0
-8.176309180363118	6112.0
-8.133232439127026	5976.0
-8.089824174161338	5961.0
-8.046086019762699	6051.0
-8.002019622647898	5932.0
-7.9576266418918795	5915.0
-7.9129087488652825	5883.0
-7.867867627171502	6039.0
-7.822504972583313	6012.0
-7.776822492979018	6067.0
-7.73082190827816	6021.0
-7.68450495037675	6053.0
-7.637873363082076	5795.0
-7.59092890204704	5970.0
-7.5436733347040725	6135.0
-7.496108440198571	5953.0
-7.448236009321928	6115.0
-7.400057844444115	6055.0
-7.351575759445805	5923.0
-7.302791579650096	5990.0
-7.253707141753782	6053.0
-7.204324293758214	6055.0
-7.154644894899704	5985.0
-7.104670815579539	6122.0
-7.054403937293557	5847.0
-7.003846152561321	6119.0
-6.9529993648548505	6029.0
-6.901865488526957	6034.0
-6.8504464487391905	5988.0
-6.798744181389335	5988.0
-6.746760633038532	5981.0
-6.694497760837995	5977.0
-6.641957532455327	5910.0
-6.58914192600043	5947.0
-6.536052929951033	6020.0
-6.482692543077831	6001.0
-6.429062774369234	5780.0
-6.37516564295572	6007.0
-6.321003178033821	5889.0
-6.266577418789735	5945.0
-6.211890414322532	5859.0
-6.156944223567023	5986.0
-6.1017409152162285	5879.0
-6.046282567643514	5909.0
-5.990571268824319	5908.0
-5.934609116257555	5810.0
-5.87839821688663	5923.0
-5.821940687020145	5791.0
-5.765238652252186	5758.0
-5.708294247382308	5618.0
-5.651109616335178	5486.0
-5.593686912079831	5280.0
-5.536028296548626	4963.0
-5.478135940555845	4319.0
-5.420012023715978	3812.0
-5.3616587343616375	3730.0
-5.303078269461188	3822.0
-5.244272834536019	4290.0
-5.1852446435775255	4506.0
-5.12599591896373	4942.0
-5.066528891375624	5382.0
-5.006845799713192	5471.0
-4.946948891011099	5592.0
-4.886840420354103	5785.0
-4.826522650792148	5934.0
-4.765997853255172	5817.0
-4.705268306467593	5950.0
-4.64433629686252	6008.0
-4.583204118495673	5961.0
-4.521874072959023	5897.0
-4.460348469294117	6036.0
-4.398629623905155	5971.0
-4.3367198604717885	5953.0
-4.274621509861617	5880.0
-4.212336910042442	5911.0
-4.149868405994239	6080.0
-4.087218349620888	6065.0
-4.024389099661596	5887.0
-3.9613830216021118	6055.0
-3.8982024875856602	5940.0
-3.8348498763236463	5912.0
-3.771327573006071	5766.0
-3.7076379692117474	6006.0
-3.64378346281827	5841.0
-3.57976645791171	5883.0
-3.515589364696119	5793.0
-3.4512545994027795	5777.0
-3.3867645841992506	5671.0
-3.322121747098151	5297.0
-3.257328521865757	4938.0
-3.1923873479303855	4481.0
-3.1273006702905266	4369.0
-3.0620709394228056	4458.0
-2.9967006111897176	4692.0
-2.93119214674718	4977.0
-2.8655480124518533	5281.0
-2.799770679768289	5631.0
-2.73386262517588	5676.0
-2.6678263300756417	5803.0
-2.601664280696754	5795.0
-2.535378968002977	5907.0
-2.4689728875988792	5971.0
-2.402448539635849	5954.0
-2.3358084287179883	5953.0
-2.269055063807802	6049.0
-2.2021909581317614	5863.0
-2.135218629085647	6053.0
-2.0681405981397964	5947.0
-2.000959390744155	5969.0
-1.9336775362332217	6036.0
-1.8662975677307851	5906.0
-1.798822022054571	5954.0
-1.731253439620747	5961.0
-1.6635943643482474	6062.0
-1.5958473435630143	5851.0
-1.5280149279020836	5912.0
-1.460099671217578	5920.0
-1.3921041304805202	6089.0
-1.3240308656845872	6007.0
-1.255882439749719	6001.0
-1.1876614184256438	5814.0
-1.1193703701952509	5706.0
-1.051011866177903	5360.0
-0.9825884800326501	5184.0
-0.9141027878613023	4931.0
-0.8455573681114618	4996.0
-0.7769548014794336	4979.0
-0.7082976708130901	5373.0
-0.6395885610145888	5537.0
-0.5708300589430796	5757.0
-0.5020247533172977	5787.0
-0.4331752346181211	5803.0
-0.36428409499100994	5996.0
-0.29535392814842876	5908.0
-0.22638732927220967	6000.0
-0.15738689491581526	5830.0
-0.0883552229065987	5922.0
-0.019294912247991684	5999.0
0.049791436978333825	5903.0
0.1189012237103822	5814.0
0.1880318460037438	5922.0
0.2571807011295673	5809.0
0.32634518567253024	5948.0
0.3955226956288865	5964.0
0.4647106265044904	6019.0
0.5339063734128398	5671.0
0.603107331173178	5535.0
0.6723108944085594	5313.0
0.7415144576439445	4916.0
0.8107154154042828	4955.0
0.8799111623126323	5056.0
0.9490990931882313	5359.0
1.0182766031445925	5407.0
1.0874410876875555	5474.0
1.156589942813374	5806.0
1.2257205651067404	5870.0
1.294830351838789	5955.0
1.3639167010651143	5828.0
1.4329770117237177	5967.0
1.502008683732938	5888.0
1.5710091180893324	6152.0
1.6399757169655516	6004.0
1.7089058838081277	5954.0
1.7777970234352436	6039.0
1.8466465421344203	6013.0
1.9154518477601972	5951.0
1.9842103498317116	6101.0
2.0529194596302127	5900.0
2.1215765902965575	5945.0
2.1901791569285796	5907.0
2.258724576678425	6000.0
2.3272102688497727	5959.0
2.395633654995026	5852.0
2.463992159012369	5960.0
2.5322832072427666	5864.0
2.600504228566842	5849.0
2.668652654501705	5753.0
2.7367259192976428	5652.0
2.804721460034701	5653.0
2.8726367167192075	5283.0
2.940469132380132	4707.0
3.00821615316537	4366.0
3.0758752284378703	4361.0
3.1434438108716938	4610.0
3.210919356547903	4900.0
3.278299325050344	5245.0
3.345581179561278	5569.0
3.4127623869569144	5833.0
3.47984041790277	5901.0
3.5468127469488837	5804.0
3.6136768526249257	5739.0
3.6804302175351062	5815.0
3.747070328452972	6061.0
3.8135946764160016	5893.0
3.8800007568201003	5913.0
3.9462860695138717	5887.0
4.012448118892765	6033.0
4.078484413993003	5948.0
4.144392468585407	5891.0
4.210169801268976	5769.0
4.275813935564305	5870.0
4.34132240000684	6006.0
4.406692728239923	5952.0
4.471922459107649	5922.0
4.537009136747508	5907.0
4.601950310682879	5988.0
4.66674353591527	5977.0
4.731386373016374	5996.0
4.795876388219902	5959.0
4.860211153513237	5802.0
4.924388246728833	5842.0
4.988405251635395	5525.0
5.052259758028871	5377.0
5.11594936182319	4920.0
5.179471665140769	4346.0
5.242824276402784	3866.0
5.30600481041923	3778.0
5.369010888478719	3882.0
5.431840138438011	4395.0
5.494490194811364	4766.0
5.55695869885956	5252.0
5.619243298678741	5397.0
5.681341649288911	5595.0
5.7432514127222785	5802.0
5.8049702581112355	5731.0
5.866495861776147	5861.0
5.927825907312796	5840.0
5.98895808567964	5862.0
6.049890095284717	5944.0
6.110619642072296	5891.0
6.171144439609272	5864.0
6.231462209171222	5840.0
6.291570679828222	6056.0
6.351467588530315	5858.0
6.411150680192748	5954.0
6.470617707780849	5946.0
6.529866432394648	5982.0
6.588894623353141	5965.0
6.647700058278307	5849.0
6.706280523178762	6092.0
6.7646338125331	6016.0
6.822757729372968	6043.0
6.880650085365746	5883.0
6.938308700896956	5772.0
6.995731405152302	5785.0
7.052916036199432	6057.0
7.109860441069305	6097.0
7.166562475837269	5908.0
7.223020005703754	5993.0
7.279230905074675	5980.0
7.335193057641444	5945.0
7.390904356460638	5959.0
7.446362704033353	5934.0
7.501566012384142	5917.0
7.556512203139657	5950.0
7.611199207606858	6014.0
7.665624966850945	6063.0
7.719787431772839	6038.0
7.773684563186357	5939.0
7.8273143318949545	5863.0
7.880674718768153	6067.0
7.9337637148175535	5982.0
7.986579321272451	5923.0
8.039119549655117	6015.0
8.091382421855656	6037.0
8.143365970206458	5929.0
8.195068237556315	5912.0
8.246487277344082	5957.0
8.297621153671972	6119.0
8.348467941378445	5915.0
8.399025726110683	6150.0
8.449292604396662	6089.0
8.499266683716828	6089.0
8.54894608257534	5959.0
8.598328930570908	5911.0
8.64741336846722	6012.0
8.69619754826293	5960.0
8.74467963326124	6032.0
8.792857798139055	6041.0
8.840730229015696	6037.0
8.888295123521194	5974.0
8.935550690864167	5986.0
8.9824951518992	5897.0
9.029126739193876	6008.0
9.075443697095285	5949.0
9.121444281796142	6073.0
9.167126761400437	5987.0
9.212489415988626	5969.0
9.257530537682408	5917.0
9.302248430709005	5901.0
9.346641411465022	6214.0
9.39070780857982	5994.0
9.434445962978463	5981.0
9.47785422794415	5930.0
9.520930969180242	6035.0
9.56367456487178	5984.0
9.606083405746544	6049.0
9.648155895135643	6052.0
9.689890449033635	6081.0
9.73128549615815	5910.0
9.772339478009064	5904.0
9.813050848927164	5997.0
9.853418076152339	5955.0
9.89343963988131	6116.0
9.933114033324813	5933.0
9.972439762764362	5890.0
10.011415347608475	6015.0
10.050039320448404	6045.0
10.088310227113409	6065.0
10.126226626725481	5954.0
10.163787091753607	6012.0
10.200990208067505	6128.0
10.23783457499088	5915.0
10.274318805354131	5936.0
10.310441525546615	5937.0
10.346201375568329	5974.0
10.381597009081132	6049.0
10.416627093459427	5868.0
10.45129030984034	5955.0
10.485585353173363	5973.0
10.5195109322695	6022.0
10.553065769849868	6038.0
10.586248602593804	6059.0
10.619058181186405	6045.0
10.651493270365584	5914.0
10.683552648968567	5917.0
10.715235109977863	5990.0
10.74653946056673	6069.0
10.777464522144058	5971.0
10.808009130398757	6030.0
10.838172135343589	6009.0
10.86795240135847	5937.0
10.897348807233213	6029.0
10.926360246209756	6080.0
10.954985626023811	6030.0
10.983223868946014	5968.0
11.011073911822479	5988.0
11.03853470611483	5996.0
11.065605217939682	6006.0
11.092284428107567	6009.0
11.118571332161302	5861.0
11.144464940413807	5914.0
11.169964277985363	5934.0
11.195068384840328	5913.0
11.219776315823262	6031.0
11.244087140694534	5942.0
11.267999944165322	5960.0
11.291513825932094	6059.0
11.314627900710496	6012.0
11.33734129826867	6044.0
11.35965316346004	6069.0
11.381562656255488	6077.0
11.403068951774996	6079.0
11.424171240318694	6099.0
11.444868727397347	5875.0
11.46516063376226	5941.0
11.485046195434629	6025.0
11.5045246637343	5973.0
11.523595305307945	5991.0
11.542257402156691	5996.0
11.560510251663139	5934.0
11.578353166617822	5964.0
11.595785475245075	5983.0
11.612806521228334	6010.0
11.629415663734834	6139.0
11.645612277439751	6074.0
11.661395752549732	5964.0
11.676765494825862	6014.0
11.691720925606026	5992.0
11.706261481826713	6126.0
11.720386616044197	6035.0
11.73409579645516	6110.0
11.747388506916705	5918.0
11.760264246965798	6115.0
11.772722531838106	5916.0
11.784762892486242	5860.0
11.796384875597434	5825.0
11.807588043610584	5868.0
11.818371974732754	5952.0
11.828736262955028	5969.0
11.838680518067813	6065.0
11.848204365675523	6024.0
11.857307447210683	5912.0
11.865989419947415	6000.0
11.874249957014353	6032.0
11.882088747406945	6062.0
11.889505495999163	5937.0
11.896499923554616	5992.0
11.90307176673706	5969.0
11.90922077812031	5912.0
11.914946726197568	6076.0
11.92024939539012	5938.0
11.925128586055473	6036.0
11.929584114494853	5932.0
11.933615812960133	6090.0
11.937223529660146	5956.0
11.940407128766395	5955.0
11.943166490418175	6039.0
11.945501510727079	5939.0
11.947412101780907	5863.0
11.948898191646995	6006.0
11.949959724374894	6025.0
11.950596659998498	5949.0

